0606963228
0675087538
0707322774
0670988973
0676005186
0606963228
0675087538
0707322774
0670988973
0676005186
0600701795
0673863783
0662772564

0606396738
0632294641
0632294641
0661974556
0621584986
0606963228

0707322774
0670988973
0676005186
0600701795
0673863783
0662772564
0662772564
0606396738
0632294641
0632294641
0661974556
0621584986
0660277084

0664364860
0662118353

0653766388
0662600766
0605900083
0673863783
0662772564
0662772564
0639608668
0602638237
0632294641
0663120289
